cam0:
  cam_overlaps: []
  camera_model: pinhole
  distortion_coeffs:
  - 0.017009773343799193
  - -0.005574094292689517
  - -0.000372373712595925
  - -0.0023429650275834987
  distortion_model: radtan
  intrinsics:
  - 159.595058936308
  - 159.71944274302876
  - 180.47152617018745
  - 125.42606019220874
  resolution:
  - 346
  - 260
  rostopic: /dvs/image_raw
